-1878
-1638
-1238
-1124
-910
-480
-278
210
575
633
663
706
863
1161
1183
1425
1743
1975
2068
2090
2153
2198
2328
2683
2903
3133
3187
3225
3239
3413
3678
3777
4019
4038
4058
4174
4396
4697
4970
5124
5226
5483
5550
6057
6254
6290
6712
7314
7368
7816
8014
8015
8064
8111
8291
8662
8883
8941
9012
9310
9449
9535
9881
9949
10092
10345
10356
10369
10436
10448
10884
10982
11157
11316
12017
12057
12347
12372
12593
12675
12827
12858
12868
12946
13329
13437
13603
14470
14935
14988
15221
15631
15633
15746
15976
15998
16328
16613
16976
17338
17383
17628
18034
18239
18304
18373
18866
19409
19641
19828
20472
20490
20590
20642
21120
21226
21384
21854
22130
22245
22610
22666
22846
22972
23001
23223
23271
23792
24122
24157
24174
24246
24689
24785
26024
26281
26507
26613
26659
26735
26960
27968
28387
28839
28965
29530
29551
29910
