3678
8014
13329
10982
26024
17383
10436
22130
22666
14470
27968
21854
8941
21120
8015
24246
10448
21226
22846
20590
2068
9949
16976
15221
3777
15976
3133
8291
6254
-910
4038
24689
12372
6712
28965
1975
9449
9535
1425
15746
2153
22972
6290
26735
7816
7368
-1878
2328
17628
9012
18239
10345
-480
11316
3187
15631
706
11157
1161
7314
3239
-278
19641
19828
15998
20472
663
-1124
18373
8111
3225
16613
863
26507
2090
26659
4396
5483
5550
24157
23792
5124
1183
1743
20490
20642
18866
8064
2198
12347
14988
633
13437
23001
26281
8883
22245
12017
10356
9310
12675
4058
12827
575
24122
12868
210
2903
23271
29910
10369
28839
24785
26613
16328
4174
4970
8662
29530
10884
28387
18034
5226
6057
-1238
12593
4697
14935
26960
10092
12946
18304
24174
15633
9881
3413
12057
23223
22610
4019
13603
29551
17338
-1638
2683
19409
12858
21384
