4 1 3 6 5 6 8 -10 9 11 13 22 10 20 35 44 55 78 80 -999 1000 124574 -32234 12463 123 43 12 432 -12 -12 -12 -12 53 654 23 12 763 12 0 0 1 2 8 3 4 5 5 7 3 2 9 12 54 3 2 1 12342 12 -12 86 32 12 63 12 3 1 87 35 772 -86 -124 862 12 952 12 75 32 3 46 -999 100 34 876 1 2 4 87 2 3 56 45 987 1
41
P
A -77 54
A -88 24
P
R 10
P
A 77 38
A 99 38
A 74 23
A 82 35
A 100 4
A 888 23
A 992 12
A -1753 32
A 0 38
R 0
R 100
R 77
R 99 
R 74 
R 82
A 87 2
R 100
R 888
R 1000
A 876 40
A 12 1
A 23 1
R 87 2
A 77 20
R -999
A 35
R 35
A 12
R 12
R 3
R 0
A 81 23
A 20000 20
A 99999 21
P

